2163.65573918  2241.99218269  2293.62422213  2547.72212217  2366.91580467  
2163.65565321  2241.99218269  2293.62422213  2547.72212217  2366.9158517  
2078.56917113  2011.28780953  2329.68029725  2014.24283663  2103.58228539  
1734.21270308  1598.59942426  1721.68600566  1673.46561613  1801.90953301  
2801.96868805  2605.0773985  3043.87165885  3077.27837944  2610.87672658  
13611.20493  10809.2724921  10768.3428642  16764.2249898  7945.82109162  
7350.34605207  4816.76056818  4850.11141035  9848.63804099  7017.40751185  
3075.118938  2191.03429486  2407.0497713  6277.73041381  3002.57417825  
7443.17047019  7247.14001983  6920.28979612  9243.99573043  8999.38773834  
7618.29538646  8540.94477481  7189.84153769  8364.2161313  7568.63204444  
5522.77945133  5500.11113527  3806.50439318  4592.17263627  5499.99562035  
4537.53091985  4613.13770633  4137.52492516  4241.10147192  5001.80717591  
2906.38622433  2783.70143865  3003.47752066  3146.14475182  2967.04913648  
12017.6815514  11518.6357338  11664.1068741  11987.9624268  11605.6887308  
9926.23215065  9873.39626062  9846.46280172  10207.4082121  7729.86291978  
2855.79129192  2266.43155959  2289.73095742  2162.160971  2356.16691317  
3868.45722736  8607.16264121  7689.65990526  7343.06281287  5312.12533392  
9214.55316371  6958.21463769  9281.46829069  7250.3033279  8174.29700285  
2539.45773466  2717.41256495  3070.95515828  2734.90859032  3011.19466894  
2706.13554391  2732.89042737  3264.48642701  3019.52719794  2630.84556479  
1800.98915453  1763.03032144  1717.08421174  1712.68385609  1435.55757915  
1598.61965832  1592.46892423  1828.1642722  1654.24262425  1849.99106677  
7911.86428499  9240.29002071  7034.42906062  8051.46252872  8792.87905291  
9405.30910162  9713.02725036  11366.9908217  11304.6845545  11381.0878264  
4134.14259709  3477.07120245  4254.76198598  4454.93757187  5072.84379884  
17220.6732434  16725.6970213  16352.9277899  17496.7913533  16016.1822435  
642.905578446  692.814265165  646.685511291  650.179063796  767.315588831  
1317.23593308  1777.3851513  1761.64949857  1463.87658825  1479.42267626  
9011.84491697  7985.80700864  6746.48992853  8023.14940015  6659.14085943  
10524.3007294  9367.62934456  9122.14454624  8746.5405985  9347.20932259  
6268.49417684  6338.07353446  5197.83869346  6368.67511083  4973.04981051  
3015.93353226  3072.88170386  3595.59788954  3744.49399469  3610.58724722  
19592.473865  18481.1511223  20428.1572014  22757.118385  23342.956132  
2454.53787777  2232.55695312  2403.20300841  2537.47017981  2178.34450043  
2989.52042534  3638.4635034  2939.47348018  3169.09461222  2864.54465606  
1149.93412389  1083.44719731  1129.13277727  1427.84211921  1255.17194939  
4125.20454588  4652.78899938  4628.41957194  3652.80505086  4903.34108016  
4349.30930596  3623.53735801  3243.21515918  3593.01377565  3099.49449884  
5809.24277961  6490.99716282  6990.67618245  6290.45380989  6710.44803689  
3471.8032255  3043.57304777  2938.24712396  2896.57213022  2934.22705351  
41070.483905  38570.3489477  41194.2240802  38870.1116541  38784.346878  
10428.9310768  9572.90585727  8091.58491459  9496.40259324  9075.30399192  
2687.13176611  1850.15623422  1837.5576238  1876.18651622  2610.2867676  
4818.10299482  4831.536069  4260.6742925  4660.56305116  5059.48049254  
3196.94082384  2708.89205536  2710.37443712  2906.99450472  2576.17405457  
2259.26151393  2669.54183851  2432.76242308  2665.70522994  2145.19312921  
4831.06009555  4563.80076151  4231.15161359  4856.99805794  4784.27904226  
5229.13276212  4688.17559715  6459.27689394  6070.69974132  6024.35363022  
3117.72563458  3960.47912153  3880.29466508  3832.04152427  3717.07068591  
10419.751889  9248.38367556  9066.70483124  8580.74372216  10532.3011199  
15206.617965  10428.6958456  9836.48094777  9725.57426535  18685.0292707  
7836.69453953  8109.01996474  6843.61816522  7974.58452406  6914.41808861  
14814.6358845  15789.1592219  12138.5336183  13827.2554362  12578.721125  
2528.72710758  2691.57231792  2987.75081376  2937.97566278  2239.8834116  
9134.7803741  8292.10640679  7752.69421614  9252.20790387  9760.145283  
4747.28513209  4442.36802413  4795.40718063  5286.65404785  5151.41704951  
19682.423272  19791.3896834  18659.0860443  19071.4767768  12510.2739235  
4194.65124932  4106.15267953  3288.46155584  4110.62974897  3911.35415905  
7015.09128144  5747.37340044  6059.94030195  7038.72321843  6829.00436957  
3107.71410002  3314.8556908  3273.52714522  3242.04597778  3348.17845074  
5406.78534623  5245.61081539  6267.75971042  6393.41253585  6095.38530349  
5297.87562056  4938.85010155  5348.43589255  4851.10221059  4803.6403354  
1567.20148947  1775.86704409  1784.18695162  1658.06040337  1800.43635468  
7389.49060236  6169.42357508  8744.10284652  8381.39512707  9629.57578003  
4999.29070383  4716.76389345  4470.0587638  4576.58542952  4809.37833523  
2884.00653108  2016.77306589  2861.90618017  2414.04342875  2838.36085872  
10657.2739493  10769.3885154  9289.76317014  8362.21821878  10472.3731344  
9088.22656154  9146.24123565  12627.8525277  9062.98885418  9027.39125246  
2624.74812109  2546.87944771  2931.04908662  2898.80109377  2914.14614301  
2930.58504709  3361.83768957  2759.69738018  3021.57263181  3294.10692293  
9115.64820391  8433.35599135  9988.5556942  8680.41992811  8490.21701997  
2088.26474218  1783.4538569  2045.91592336  1857.99425823  1966.99070747  
4999.98468577  4668.73462901  4859.84103633  4591.02069955  5467.8087234  
2078.98152139  2164.25814781  1944.95568279  2137.38160014  2130.13027895  
1403.855037  1441.33099011  1572.45976419  1289.09911089  1456.12847904  
7373.8970787  9069.21653626  9078.43508198  7110.48894803  6898.55744066  
4696.38626997  5699.96742522  4630.42582241  5412.39518552  4651.56172676  
8462.38634412  9747.73268069  9794.47553938  9924.59639137  8666.12768801  
7046.61679452  7684.52919366  6866.80537556  7369.58613526  6906.1009601  
3317.61052941  3630.77942881  3458.07502449  4100.78731292  4116.92788785  
5676.08926273  7688.72233087  9851.95746947  8021.91241653  6923.11945384  
4882.75563605  4282.02451545  4793.07981441  4215.74526213  4256.82995063  
1208.61334097  1472.53698378  1443.13482778  1494.8634359  1273.86264164  
8517.52702188  8548.62316786  8567.78692619  6591.69117603  8546.83618776  
19094.1556037  20117.9089131  26168.5437864  19432.0243973  26839.6152003  
11814.9864719  12037.3406066  12332.7599076  14611.3878786  14429.1207442  
3904.3633548  3818.22039561  3457.96811014  3537.83055552  3844.67242381  
11113.7442454  10963.9824507  9007.9839843  9426.04880017  11145.3446386  
7869.03555461  7849.77542018  3853.26978891  6023.58421432  5232.73624253  
4259.35331444  4242.88993265  2875.66521052  4265.33313215  4901.9175135  
2635.7941132  3181.39266416  3394.36012724  3371.16288247  5133.1597126  
9948.82515145  10572.6633682  10134.1956208  10109.0600687  9843.18534356  
1628.65153575  1718.00523258  1682.57322218  1454.15836677  1466.32761862  
7862.88420554  4891.95841693  5995.32011037  6062.77629366  6281.72680336  
8763.85930934  8207.3450256  7483.91294361  16463.3953137  16041.071432  
2434.2379214  2431.71853707  2404.38809162  2417.84517022  2397.53368497  
14993.4354309  15206.6240421  14964.8244058  14263.4045283  14370.818857  
1177.90105543  1230.08042793  1237.79351727  1104.57389521  1162.24979523  
3601.22655292  3824.03659995  3369.96303072  3746.36748077  3831.23825044  
34997.0018583  43163.4298109  28979.8026179  43501.3332713  41364.7077263  
20519.9435501  20044.4944319  19716.6942265  19806.2160701  19489.6461724  
22642.1573511  13229.1980178  12294.8145228  23447.7931801  12524.9791446  
11556.4499715  10174.4085427  11654.544641  11385.1718037  11473.4050963  
2383.60423463  2139.26631414  2070.22287719  2052.59054788  2427.24435956  
3236.29345029  1917.66260186  3302.40871832  2015.58919724  1434.50031303  
2826.3771553  2110.15757531  2325.05827685  2321.39215163  2058.8180347  
3286.82813131  3837.34194907  3434.55124458  3793.59545651  3887.36578422  
6460.77657344  12436.8558603  7456.6972646  6826.9082473  11907.9838263  
2552.2600473  2260.23095016  1663.71520098  2228.36108545  1816.48751372  
6370.7515719  6326.46223391  5632.94303717  6356.23366292  5699.02047732  
2087.15993908  1673.61285444  2105.88829382  2062.25279274  2224.5619319  
2342.65045635  1962.20714861  2050.83439463  2301.73786309  1968.94132637  
6000.80390263  4421.10576212  4933.24780986  4587.00522839  3976.61187268  
7340.90361406  7159.87839257  7190.07429808  5889.20808016  7253.69261197  
3568.85941529  3000.91557415  2587.8335896  2786.95762875  3052.75379558  
2203.48957408  2273.26109801  2527.12977955  2191.32639624  2331.04861037  
15855.3487049  16095.918445  16460.8270615  15222.5436287  16644.1510643  
8218.21995338  8572.59004646  7949.82045657  7476.69096456  7433.48180125  
18582.646763  14892.661216  16842.2516549  14295.2846515  17799.1428768  
10894.8097672  9754.27050035  9842.39604916  9311.35364423  10594.8407991  
8780.45401019  9696.39531055  9057.30535767  8628.52905643  9014.19615592  
18559.25283  16037.8762052  18427.9758405  18152.2212609  15748.4420523  
3662.20529285  5024.53444385  3994.20131907  3619.95091282  4213.5435781  
4265.06161924  4755.82921506  5079.07443861  5173.88921973  4714.95030563  
2985.59499677  2843.9014357  2360.56826901  2627.75000439  2364.00486165  
13326.6147039  16446.8014819  11118.5262056  12797.1911371  11108.796937  
6111.67491009  5067.43004654  6188.04251932  4977.11409576  4771.48753192  
2819.98018751  2952.11284218  2817.65229404  2956.76530951  2981.57840843  
3024.59436739  4655.11523345  2992.95591052  4152.41237822  3358.17590944  
5331.26058859  5105.6683597  4709.18724854  4719.5746326  5145.91245437  
4369.28501672  4947.98172746  4030.70709873  4901.53821868  4497.90302519  
2897.7985638  2850.05315505  2833.14749879  2827.26496796  2803.0124585  
6803.3083829  6760.46144281  8743.62015852  7789.50369909  8309.4384443  
2148.99095006  1989.7131054  1908.6394521  2125.76751111  1871.38040244  
7966.48547214  8666.83591989  7487.44431914  8171.52972746  8670.85352996  
3526.6648789  3341.03008916  3506.22720997  3686.75599266  3761.25424583  
14620.7577723  25766.5079896  32525.5864308  20880.893879  32190.1166842  
2204.53498698  1978.64442504  2048.31491087  2663.95090718  2589.1297048  
4919.48620429  5165.79061736  4743.55055645  5542.11975897  4969.82607252  
29900.4433137  29672.5318169  25121.9480803  30792.0829521  29911.6433632  
4338.81888816  4076.84942684  4921.5238325  5270.58655666  4450.01882329  
9068.05209734  8760.93591998  8573.39219626  9398.35744802  10615.6059223  
26799.6685404  24382.5652778  27050.9738282  26690.7654209  27180.9587103  
5234.35096609  7692.85626479  6868.3411619  7952.7855142  7895.93062613  
4426.58759638  5250.74355815  4388.03655152  3894.37299942  5288.18489557  
4374.80559628  4741.24350419  4732.64196678  4700.67507228  4228.43746278  
1676.26723285  1901.23382971  2202.81212191  1690.04193902  2220.35379486  
3578.64712919  3626.52157444  4378.73191686  4364.75505931  4216.84703272  
1733.10258001  1443.82253019  1626.04440975  1745.18997239  1687.33913398  
2023.80753104  2172.13738755  2246.03449154  2099.74398318  1996.61478901  
2597.73524957  2563.94627459  2621.19777717  2511.13180946  2050.58248031  
3216.76743889  3655.60199059  3160.22530912  3083.46908886  3157.91136466  
6987.11901501  6953.6757699  6768.52422295  6406.54767565  6758.8189626  
9247.23683719  8352.20027313  10314.8663174  8269.85093717  8495.29311027  
2198.39665085  2207.19015421  2205.40623673  1938.90730737  2178.22618624  
1456.30098551  1274.02068964  1705.27743049  1376.83854081  1302.10635508  
2947.3803418  3392.83591729  2883.54609447  3061.81748234  2765.79303167  
9291.73335972  9060.23509802  8185.731188  10615.6083788  8703.45048206  
1812.80145859  1819.48804856  2099.47375788  1957.34918903  1843.66526598  
2875.32366638  2342.01240414  2919.14520933  2693.95827977  2396.34590252  
16240.6882984  13979.9768442  16163.2808793  14362.9752013  17214.7357862  
1438.65836129  1797.73870261  1475.07742552  1466.87970291  1493.15681175  
3825.76975177  4040.22240289  4287.3448574  4036.73100972  4066.10196891  
8394.05779384  7205.7273106  11255.6934643  8118.57775651  8453.42841239  
6138.28741317  5150.67841229  5985.13367522  5448.22898838  6143.27736557  
4498.5459468  4637.2472288  4645.92186978  4877.0102609  3946.03766667  
4186.42865236  4958.81628235  4845.72939516  4914.28257889  4871.08782537  
4212.28922395  2949.541758  4532.23132625  3316.31313555  2976.1589017  
2739.97393565  2879.21282138  2934.0288174  2992.19686432  3122.94898239  
1425.55352734  1773.89524957  1596.77869399  1785.99181926  1648.83766128  
1712.75658703  1428.02003197  2546.25898199  1515.2920318  1724.05978949  
5857.01124375  4932.01517503  4444.91627625  5991.90556588  5972.29055417  
12037.0835916  14539.1151392  12084.3481038  14131.0736375  9947.03483304  
1516.89517803  2095.18404349  2092.10556941  1570.94672516  1696.40691649  
8854.80471664  8859.96406007  7491.5545806  7447.29846605  8942.02730998  
6327.98484686  5501.36295832  8330.95864494  5798.70980826  5602.88010027  
2827.03058101  3179.52421396  2950.56040824  3216.5387707  3444.97938178  
2219.15066948  2728.78745902  2745.77620026  2697.72031159  2729.08973565  
1798.63784839  2277.45796471  2344.36168512  2302.53522214  1823.89655587  
3765.68276195  3394.74888194  2952.72875788  3707.70698952  3097.58254222  
4145.3241114  3421.6620553  4106.78271339  3383.13985507  3564.28532519  
4736.62069088  5705.04585458  5005.55725958  5835.19249144  4599.9933038  
6224.20277227  6358.85325047  6178.9399698  4599.50485315  5174.8438134  
3195.31757794  3280.25599204  3135.68707927  2767.92594098  3140.94372085  
1548.3771172  1614.69350231  2074.54472284  1736.40157613  1878.6725477  
8591.20809494  7518.93439825  7170.75481114  8339.02891405  8121.74035374  
5896.36920947  5834.73944808  6298.94164571  6249.29622363  5727.12526226  
16862.6881414  19800.7252118  20974.7923616  20589.8436889  20230.3153225  
5880.09692049  5585.26857972  5683.64397027  5024.57770937  5320.63024914  
5174.75137571  5651.75263178  6754.99634018  5215.19560068  5249.47180737  
3671.57270291  4605.76601087  3904.32117179  3969.03032567  3305.79055594  
3058.15974432  1949.02061564  2291.47788873  2808.55620044  2420.94298171  
4437.13548154  4405.33671156  3837.50543495  4444.02152859  3687.94552114  
6043.48366774  6093.87767037  6375.45005673  6307.73595206  5330.56558085  
4004.99281851  3587.66957147  3833.26108355  4304.8246758  4293.34185103  
2372.13592356  2499.34994914  2430.35682333  2355.3782421  2214.04793919  
2338.39492899  2343.91958435  2306.5612572  2322.64210598  2112.87802009  
4084.63505902  4705.95017177  4182.37362611  3954.32929174  4725.30657526  
3073.9770881  3102.22274162  3070.32311577  2525.46712038  3379.33639739  
4640.33245638  6396.03486205  5099.81692297  4748.22190376  6510.29858624  
6450.2907275  6016.25079047  4895.3364642  6147.94634164  6026.66532462  
5892.29740717  7889.08155034  10285.4794154  6656.13493634  9202.11071595  
2298.04223762  2158.854674  2143.29363679  2604.40753566  2142.91913266  
5265.16389566  4409.44412626  4831.34802479  4681.58436114  4226.68983189  
17740.191823  25039.8438579  26877.4914438  16274.9453556  23704.4895393  
8837.54324175  7464.50593073  11702.6347486  7215.09303107  7049.48553137  
7333.88266048  8543.87976683  7302.35004674  8696.84120804  7039.98375711  
9502.1054814  9752.56906764  9806.49178195  9764.51526128  9621.51822899  
9159.37944149  8641.33830424  9053.13043267  10302.9719843  10208.542897  
2956.82358009  2863.99467186  2419.34107518  2569.20747598  2366.03099923  
1821.89400876  1863.19577933  1982.11990614  1770.12873224  1942.65472721  
3541.18949465  3176.98513282  3423.04061716  3788.6437298  3315.66104013  
8185.89896023  8420.5341629  8650.16586695  8727.86748905  10210.0993683  
5924.1025858  5241.61247198  5772.4966811  6164.33728163  6016.92086409  
5784.89829886  5300.56446406  5703.44293847  5694.47834867  5181.92232863  
3445.84200688  2143.14428626  1884.87757059  2160.31772102  1478.60481834  
2646.30237086  2736.90697274  2680.88899298  2121.75072314  2564.43125404  
4384.78642179  3876.12218747  3989.9914842  4770.55603508  4653.68401416  
6433.92640336  6430.70033841  6457.93542307  5197.16024617  6449.37152958  
2276.28674405  2507.42216842  3836.9605712  6201.97405846  3834.38061426  
11004.9430622  16257.5088246  11053.4015602  14747.499418  10573.8872483  
15872.309775  15933.9945083  18114.6983269  15327.1123268  15289.2254885  
12127.8286955  15058.6707012  15009.8522792  13074.2339423  15314.9189419  
9294.98429777  13490.5439829  9509.18233513  13241.4814545  12751.3330954  
12136.7125882  11978.3023992  10300.0224974  9862.76703718  11163.4800884  
4883.99230401  4152.73839624  4222.18370003  5363.97577543  4010.58811151  
5667.70632859  5577.27930125  6231.04715742  5137.84585563  5431.42759553  
19382.4304491  26689.6174618  19840.5543288  20023.6937522  26652.3499351  
7167.52114387  6304.79509368  7284.43108763  7123.17371202  7271.62362822  
14921.5651834  15786.9596412  14355.0284307  14388.4923689  15993.3412349  
10679.8747445  8253.45143914  10792.8643361  8432.00956515  8921.20654155  
5561.5588981  5691.85682711  5132.40294534  5721.63784267  5672.67734215  
2936.68231022  2723.88686196  2767.48627178  1799.92816512  2720.66664365  
20281.4225465  17227.7196356  18328.936821  20647.5558389  20069.3041563  
13019.1620577  15680.8710839  15015.738587  12628.7478509  14085.1724627  
8818.89117554  8463.75805582  8936.07668628  8734.98724131  8641.07064408  
3621.11310654  3757.57059661  3911.77972957  3165.99894506  3086.15638608  
2371.06391824  4478.89904403  3583.40941898  2749.25782072  4019.77811355  
6994.77800448  7611.13738115  7170.19509401  6968.59903237  7370.01206209  
6861.76871154  7169.9087192  6229.78952806  6942.26900548  7106.79331019  
26291.738921  26051.0690953  26074.0180994  27034.0350306  23892.524747  
3776.95515335  3731.86057811  3278.5617312  3736.45194945  3778.36199048  
3607.79387868  3675.19903389  3604.27565009  2946.21558101  3549.88014747  
1257.77340902  1285.88163874  1236.65047243  1530.06053759  1414.66865349  
4736.12839884  4785.578159  4771.96415797  4111.0293576  4302.96946875  
8017.21131223  7918.79919519  7796.56476063  6889.62448761  7619.08898549  
1098.83358952  1047.49872995  907.077627969  900.483506331  782.157749634  
2366.97173418  2214.28995923  2650.18401251  2318.05856776  2668.47099091  
2886.62138107  2869.27771448  2873.44730662  2378.64706912  2547.49573567  
17282.8931413  16402.466891  16135.6127906  11446.7113862  16104.8614038  
9609.81783172  11381.5449895  9587.98550256  11453.098372  9647.54682029  
3575.33644744  3820.34642791  3990.52122777  3820.26951615  4450.39956476  
8433.53297776  8599.03244241  10246.592443  9125.95018157  9902.59665521  
4577.07820843  5311.53185967  4495.25845246  3772.12624535  5228.49969525  
1649.17561784  1986.82845601  2034.129294  1707.95245582  2152.61925839  
4295.12728532  4443.50626455  5216.0933828  5030.38159881  5043.07431422  
12591.5186273  12925.5395  11140.5673852  12058.0583302  10886.6871888  
4680.73927082  4484.51272239  4250.68732795  5478.280567  3981.81054597  
2325.4281865  2326.23991117  2273.56365317  2011.37745987  2384.14609497  
9968.58345379  11112.8072747  10576.7174926  11160.0551187  10893.7832225  
4157.98936103  4961.72048197  4712.44490032  4786.3969326  4389.3160359  
3286.7591029  2774.07121733  3299.97710074  3394.53147381  3405.74152611  
3682.24630965  3733.39043256  3261.95947803  3382.40448742  3272.36231139  
12625.3797167  10785.2953546  7878.74988594  12130.1359186  8368.04509259  
2957.58029946  4171.35261701  4193.6728209  4252.48377203  4283.11477204  
4963.6750948  4609.69472977  4883.99230401  5512.05713855  4912.29316473  
10566.5850951  19896.209635  10570.2029283  15895.7265812  12768.778586  
2635.52613265  2278.95779382  1848.08867285  2527.95397327  2744.56050086  
2590.78216705  2788.4423752  2965.96861956  2376.98727163  2557.61545109  
5243.91259501  5533.31368497  5439.66563868  5463.74807533  5228.9815381  
4640.32790458  4255.42956523  4694.93990757  4189.5821  4398.60200677  
4079.07097076  4354.69304318  4571.38158359  3986.05861795  4437.7017593  
3467.8383984  2940.60781568  3502.36433259  3102.50440344  3251.01110575  
10862.0836628  18942.0336967  12349.0350701  8556.43961094  14855.1987726  
2010.55640711  2189.75500743  2065.61027325  2100.64994482  1896.11063703  
6172.56136568  6266.92304214  5388.49099368  6077.19400788  6317.6200262  
5554.27737664  6384.55974627  7063.76017856  6856.45936173  4321.89220743  
6674.70456344  6578.05416007  5788.2512981  5696.3277268  6192.70608714  
1751.64059076  1984.53534183  1921.47474538  1793.3903642  1854.5725577  
7979.73270312  8333.54706126  8193.37392295  8109.10328296  7971.34837196  
10769.8187158  13445.8024014  13562.7428262  11275.6247262  13503.2831965  
2646.78204876  2594.84282685  2358.96496357  2528.71981373  2492.20745074  
1544.37976582  1258.22838302  1253.20106949  1394.51538571  1317.7811163  
1452.31357321  1694.60634686  1691.44341512  1645.19518219  1514.03472409  
3741.95068723  4143.93268317  4279.45058122  3765.09040029  3499.4627178  
2430.60957538  2419.04428591  2328.21744183  2426.15513555  2845.72364396  
8564.45966894  8213.79217705  9072.11952565  9348.0624096  7972.92784387  
7387.88732793  7297.70992134  7093.69766226  6054.44438357  7195.93999499  
4620.24802913  4602.35833856  4189.57049643  4003.45905848  4123.66856522  
25400.9709868  25109.7081787  22137.993619  18906.1919921  25518.3210833  
2187.08325863  2243.18539056  3343.54176002  2665.3512544  1737.53982046  
28886.3008215  39939.9193617  21248.8720466  37747.7346714  20969.5855869  
759.893516483  707.7577185  823.577038488  767.480592931  767.096088029  
3016.21368526  3127.82244584  3366.30850781  3309.85307943  3154.62566822  
3096.66790796  3430.7512245  3483.16292457  2773.04945493  2422.81190817  
5543.25147024  4318.88666091  5309.56791742  4674.41418231  5564.51898648  
3980.55329099  5113.70156667  5141.82260565  5109.62765083  3729.62938373  
3807.00118074  4343.11380918  3786.56699451  3801.90787476  3960.05651168  
6399.24772338  7209.37076279  7758.93009566  6911.33595412  8933.49106736  
4811.52353409  5327.78145502  5608.88076264  5055.34220273  5679.89793682  
10599.3584939  11826.7805065  10110.7275741  11159.6709996  11375.7596781  
2857.14777105  3043.80061376  2581.91215036  3015.49203088  2565.72238513  
13737.0315703  10224.2985552  14864.7680438  11177.6620361  12072.5721901  
10404.4016139  10657.1359774  8979.52660592  10550.1126454  10696.237478  
4222.01009127  4880.74786163  3693.86531973  4784.3008416  4183.28343502  
5333.44166836  6290.73232415  6546.72544325  5787.18913775  5292.55384103  
1888.1887337  1221.22601498  2004.38880645  1479.00114101  1929.75531227  
6500.23191141  8659.84406097  7103.277414  8333.27552644  6453.7426345  
2792.10774887  2892.32426997  2939.09538241  3483.62841374  2784.11456713  
6695.05877987  8259.32903409  8965.47192304  6747.03616091  6011.04999955  
4444.73737628  4451.54248806  4573.25439296  4094.71587112  4375.9824401  
15236.7457974  19416.488038  19034.5532361  20094.4666936  11385.2930491  
2450.85957264  2723.31261628  2630.84083838  2449.22497438  2559.79680862  
7868.57490141  7808.22895613  7853.97150296  8030.16846955  7955.61395901  
6836.43077437  6342.00828708  6548.44710629  6754.43571193  7723.02586255  
777.59638654  1199.91005779  846.369914375  750.48935553  787.839252042  
4793.35049014  5263.43570359  4133.26646409  5735.60582138  5319.58489079  
5899.05269407  5118.4472033  4011.19529303  3272.76228324  3819.80368526  
1508.62069959  1554.63904094  1338.07421624  1562.71076112  1553.841919  
1984.35806547  2101.71692714  2106.17977926  2059.67608416  2290.46635395  
4955.60570612  5315.95989119  5305.14484187  4508.75632987  6134.69667734  
4905.96819794  2908.25513393  2757.32735749  3489.5231032  1933.41656943  
6809.88679627  7195.779155  7051.42852879  7047.173234  6976.33393338  
5392.37246911  5674.18106485  5779.64518602  6671.24563021  5858.69799709  
8365.48150015  9692.31096262  8059.75332079  8249.97525476  9940.3037316  
35221.1973636  36293.2986409  36418.1853959  30791.252161  37550.2672314  
10784.0378321  10985.0423812  9405.47786765  8150.4282057  11031.7118724  
1957.71846518  2097.68691246  2060.23721657  2239.90333269  2283.877892  
13236.7916622  8079.31945033  8268.97519819  10026.6328702  8772.87471695  
4102.13151427  4385.8952419  3659.54432708  3690.9475989  4708.55194192  
4085.02938492  5217.03865234  5428.92540099  4279.94656262  4538.56182373  
3465.03176595  3311.30169356  3610.38169387  3373.46862029  3456.03444684  
3384.65193561  3207.8851943  2779.67789289  3317.17334833  3323.34733312  
1190.1794992  1378.09991167  1094.50352395  1195.97386633  1404.62687314  
2940.78993535  2591.09243039  2820.82969854  2793.12025942  2864.46616392  
1221.24268418  1194.72404929  1220.01686303  1060.17023687  1182.26533095  
5575.98553831  4717.8105169  4903.33959936  5553.14997548  5527.36642974  
2986.01163497  3037.21156762  3072.68021793  2948.31735822  2978.57268408  
1833.3277687  1863.43049556  1838.33770859  1805.0447151  1779.29218831  
2645.81913699  2183.87339414  2649.26886742  2044.66904155  2626.72171742  
4128.6949699  3444.34538071  3926.05736933  5489.4504482  4407.54221668  
5513.31810758  5526.66009434  5801.20667412  4227.99777234  5978.86337248  
7639.6586749  8951.46257584  7669.10822672  7278.16852037  9049.76217649  
1848.85278061  1657.49770854  1830.85148058  1890.74644556  1726.46765223  
8886.61548323  8893.76419007  8915.97121787  8824.06532002  8965.95702222  
39842.0306715  46129.035547  52684.7102578  42633.0603131  41484.2202274  
2801.36028293  2534.9858718  2543.96753547  2565.3626285  2582.62793005  
4033.04869301  3985.06489724  4099.23614585  4002.58391325  4032.83012028  
8211.66626796  8214.8373148  7955.08169681  7930.06595401  6930.48455481  
2213.67278006  2173.98887567  2210.27791745  2249.43059423  2231.37279499  
10143.3520318  9697.12114226  8669.89488751  9675.09048898  8582.70219787  
13814.2008233  11799.2844913  12278.4782824  14046.9647272  12653.3878674  
9696.14162126  10114.5659945  9251.81690867  11935.8856619  9348.72303933  
5088.89312076  6228.36103365  6688.40351951  5293.23529234  6113.15244328  
3685.18341887  4008.73041654  2242.42451275  4253.20789129  4644.61998133  
3454.66610024  3628.50679593  3918.31074524  3887.20334169  5867.57406383  
13590.7614311  13755.3773461  16562.6997148  14694.1673187  13319.1430981  
9572.78140669  9370.41278797  7576.25406825  9335.94764436  8851.54240479  
4823.50292134  6815.80784416  6268.18209448  5295.99768438  5754.12761951  
12860.1828954  13846.0870797  12408.5945779  14131.8838249  13757.1911475  
3735.6686976  3110.10224341  4070.53317589  3237.16156003  4045.8965797  
3912.64966295  4353.01523693  4095.31902501  4062.52570182  3882.9730453  
15546.6517487  12991.1439437  22735.5241741  15781.2911365  13840.560776  
2740.56430936  3010.96929252  2726.39867273  3125.37329211  3093.25665188  
2572.75236629  3048.1649727  2534.70495576  2617.69418189  2716.86870792  
19792.3197786  23181.3546181  20828.619375  20149.0194079  20582.0942503  
5599.7787982  5382.68447642  5121.41066306  3201.11870912  2938.76616997  
3907.54567595  4360.6299983  3428.64277613  3614.71209249  3384.00310936  
8877.72582231  9710.23813963  8115.71803217  9522.30662261  8873.28796738  
1386.27560581  1943.37046965  1965.73922146  1592.22869639  1588.75843069  
1371.41631811  1344.35290054  1337.19980799  1346.53672603  1348.26988566  
2364.61186363  2699.55636149  2486.94397895  2613.57636529  2636.45393244  
2277.36693336  2644.32228407  2669.5431412  2638.31000566  2660.78931126  
10885.6150508  12189.7773279  11803.5798807  11485.58027  12814.0567393  
7537.08166814  8068.84658252  8201.81694214  7463.5882352  7113.92753333  
25968.0700686  29118.4376428  17696.4429998  19998.777162  14414.1397039  
13862.8850378  13388.7400893  12382.6954474  12280.7403408  11555.8959072  
60393.7445102  56224.7318633  56627.2584976  55196.076566  43346.2654306  
1232.41752246  1236.35483019  1164.43878318  1354.08162816  1212.11281278  
1899.99239203  2130.45206037  2218.42061681  1818.77258153  1736.87577748  
2682.17374942  2547.37307499  2880.14529129  2872.38700354  2615.00234274  
1452.58867694  1315.19459077  1351.28858099  1289.91072297  1516.30368901  
2734.26385252  2884.28356176  2787.86182683  2436.47409393  2885.01663656  
15777.724836  15860.4677127  14047.7959565  15731.0737033  15903.9598526  
5649.28195582  6019.56351884  6679.09668714  6529.44181391  6181.9278244  
2902.79767364  3300.88511034  3284.44404718  3074.95701655  3294.68193745  
18244.846602  16406.4485732  22350.4867067  18285.2827818  21117.6337828  
5956.8131409  5889.4699913  5763.78812927  5216.14611385  5321.26518598  
1117.38851087  1079.21380817  1218.39861474  1229.10351201  1225.20698  
4229.50065802  4271.90330608  4212.66381134  4180.68493221  4127.05410758  
4285.17453264  3955.3683438  5151.26022103  4946.17019025  4202.70571549  
5966.50979828  7147.47799649  7129.23934387  6858.92737552  6321.61019016  
9178.71386669  8157.73709434  9067.5759282  8988.05469533  9102.66203861  
3209.14642989  2894.53738077  2879.15459787  3434.82683169  3283.118573  
8294.47569764  7759.75903555  8103.86327418  7620.2454571  8239.51849967  
3863.97200087  3370.51031955  4411.18585559  4304.42242322  4288.69183976  
1653.8290667  1652.31804129  1689.35382402  1199.43140492  1666.43916939  
1552.17136513  2238.92259442  1541.9547224  1632.6516555  1506.78752276  
59522.1163049  70445.5512304  84297.7732641  84318.6082464  71450.4874759  
3054.24149503  3156.30055607  3235.37277642  3221.21032928  3092.20561888  
4419.52631716  4390.78492071  4168.66570312  4076.38431449  3920.34431357  
3347.77755021  3422.30496721  3402.66340425  3000.94923946  2489.4726645  
9295.29235929  10229.6305509  8291.38246252  11418.2918128  10742.5227929  
2276.1291172  2296.48403095  3137.55272207  2127.57656433  2148.60975075  
2959.67776314  3099.91420939  3657.85574356  3759.14948088  3003.06584829  
1824.88157238  1686.99804809  1689.26527022  1783.00120582  2105.80028653  
3885.00179955  6286.69957178  4844.29202076  4095.24713547  6127.96944221  
2488.19009136  2916.02797562  2594.82071612  2424.37243703  2509.74781174  
9718.32045213  9722.30974503  7973.22327764  7512.93947024  9067.87788379  
1172.53425158  1203.4449916  1126.87848115  1133.78750331  1295.42713925  
2590.64284725  2757.63137437  2371.38619579  2502.95009521  2708.7763776  
50915.540341  43767.0872703  43798.5467112  30179.3841397  45607.7099502  
2292.98860566  2318.38435846  2147.36662998  2382.46282596  2445.7737676  
3336.61567311  3412.44491485  2771.9127855  2767.46056429  2855.7241977  
3817.61897642  3767.79387374  3410.69391498  3426.01075478  3434.311675  
4540.84141243  4341.22021918  4087.32213486  4550.22174744  4716.59513654  
2978.4283626  3315.57433959  2746.57673016  3042.75769004  3506.97869756  
2684.52429078  2730.94331709  2714.88064113  2989.63301764  2768.14906977  
12811.7906404  11239.1908872  10310.7851604  16794.7377554  14580.0730162  
3854.22203933  3578.65054351  3807.84404815  3778.85006321  3600.52748118  
1391.36585086  1399.69034744  1722.98295563  1698.67669443  1459.43628358  
4562.77455298  4766.0034585  3585.76660353  3789.47509949  4789.93244499  
3083.02207417  2846.85158505  3308.68738266  3033.85766622  3125.40809133  
1259.89102577  1551.27617837  1744.44163222  1508.83846785  1553.61329503  
3118.18702001  2381.89626348  2459.94615409  2899.42351447  2799.35346599  
5071.36287623  5056.42406401  5157.08892617  5152.28738587  5133.92622043  
16087.0270039  22105.1951388  24180.8496116  19823.5196628  14560.0893587  
12019.0929138  10557.9139114  10561.9766922  11917.670012  10160.2992516  
12645.7001539  11146.8191258  12217.7549086  11028.8658711  11839.738853  
5381.8331813  3899.30724488  5847.32182657  3238.19397746  3984.76544998  
16181.8354061  28306.3005522  22781.6593279  27915.2894139  26260.7373946  
2364.66402074  2371.87219815  2329.16247656  2254.31721059  2028.96554692  
5021.46960257  5036.90248868  4414.19646818  4266.16637459  4936.05117515  
6162.859459  5879.08391438  5845.61368706  5556.85755682  6091.23966242  
13742.6513886  14251.960579  13071.2211559  12135.7395003  13068.8896959  
1474.1164179  1441.73658065  1691.77875904  1768.83462773  1377.80610653  
27705.2393405  27920.799215  28251.4452852  27792.8529074  25808.4732494  
9239.37946762  7789.10756214  8308.76313688  6595.3626616  8541.89471286  
10861.2020707  11177.5414677  9599.17523997  10341.0200994  14269.1030846  
13604.6316799  13439.1456741  13335.4154546  12359.9489921  11538.2315234  
9466.46704566  9704.23227656  9849.8965614  9713.24939926  9610.16508322  
2298.75573774  2390.08472566  2334.60321383  1808.85438406  2876.34790348  
2770.71352395  2513.60861891  2372.89614295  2739.88288758  2422.88624666  
1911.29701547  3492.23716094  2457.94308881  3873.56559458  2943.87125147  
3249.01359482  3228.06023131  3650.14684902  3352.02518467  3638.22763406  
5934.24887741  6081.88189013  5708.26835823  6121.33479635  6052.55900025  
5623.76297883  6271.30912673  5328.41169028  5728.06024384  5411.70480607  
9582.98368545  9188.53810581  9556.46319087  9902.76822422  7857.83465705  
11752.0739709  13573.4650512  11025.7201845  13660.6662129  12611.959683  
1837.0741204  1790.95230285  1605.92236185  1419.08615777  1595.2639725  
3212.40923198  3495.43576417  3093.96684279  3132.99988395  3507.09320625  
4773.4551518  5022.03385249  4548.26810147  5962.47321264  6167.308414  
7794.84068988  6453.03259278  8733.87900784  9394.54251015  5511.27737149  
4034.84355458  4192.12401754  4642.17712476  4057.20075997  4559.76218013  
35788.8523144  27924.5610875  30126.3537152  36763.8422271  36298.2794673  
2165.97806964  2293.6303824  2295.44559531  2330.76546683  2176.97727173  
2188.15812404  2052.05394252  2181.81901608  1771.75190262  1835.37254354  
10060.1262814  9644.63891418  11452.5455336  11340.8561266  11518.3484687  
4371.65027806  4939.87156437  4720.98655595  5247.98690737  5052.77431021  
2559.85839694  2519.68604709  2258.82511916  2424.15449515  2736.55707142  
4622.81220105  6058.19200622  4843.68312076  4590.14422389  4608.20593044  
6831.61188509  6388.14949528  7063.05970744  6566.46713098  7174.43304973  
6632.81444943  6207.16486794  6275.32207234  4807.4231767  6351.72484522  
8545.68475689  9905.17136964  8361.85531313  8569.70722481  8613.68636784  
7581.77706652  5872.58377217  8007.03234565  7515.91061659  7284.63952881  
4536.58191686  4115.52118877  4129.25418773  4273.0699915  5307.56526964  
5777.70968525  5940.71088632  5475.97209542  6052.87587182  7080.56993034  
7682.62394891  7019.25364027  8200.29854386  5332.53809324  5496.58375557  
22670.0517831  19835.3760012  22498.8028532  22072.001829  16502.3499475  
5000.10285301  5797.03667609  5747.9063958  5874.07321257  5909.95291672  
19988.3023152  15410.7651031  16042.7604155  16861.5865937  13139.1287616  
3905.82087229  3795.59721828  3223.44917006  4685.98412443  3431.6260349  
2179.84900574  2186.73409692  2166.32630065  2198.77042672  2209.88363664  
4230.21081255  3346.03699649  4549.50548314  3001.80957022  3323.07384414  
1498.50236586  1419.77224081  1394.68731918  1529.66279647  1450.20949828  
3348.73556394  2521.06646842  3251.04537977  2429.56819525  3316.9831241  
3586.6879615  2468.83665375  3603.56055465  2460.27714917  3493.91567325  
3456.57794206  3382.08490482  2709.95023196  3362.34455725  3300.23406528  
1645.84957383  1903.5033704  1701.95886632  1941.27700757  1892.36897439  
7113.17454095  16287.7871712  8409.25092054  8347.28328708  15668.2692821  
5117.84747097  5030.4011309  5595.03536936  4798.39926855  6340.04627036  
3911.21387893  3676.19881386  3348.17194043  4344.50789589  3889.03936464  
5695.85300866  6255.33721446  6923.48147985  6861.29600709  6251.64350488  
4071.87296517  3511.09689061  4049.98883692  4144.79924147  3635.99703892  
19115.6229136  20553.5207085  19826.7139162  23240.4217479  18598.1852714  
5548.12147184  5516.36598536  6143.28127136  4353.58708958  4650.43272006  
3670.79383575  2340.45275617  3909.57444181  4147.08013374  2685.98506231  
26041.6428455  26796.8546519  25025.6389091  18335.563605  24483.228839  
4376.36981421  3715.02731091  3714.83125308  4700.31524577  3694.64926322  
7908.16764433  8036.92237989  8328.02836428  4798.87390001  8047.67246711  
10387.3871171  7672.36175511  6952.82412483  8664.36905755  6333.13518713  
4004.14430173  3829.21749465  4021.86686969  3321.99634483  3383.77182417  
1926.20805738  1565.5644986  1633.07997884  1646.3723823  1638.38990302  
4797.62294524  3504.73961323  4683.21972067  3647.3608733  4434.26639319  
2681.35970587  2288.96744149  2698.63511217  2626.50379113  2678.99770614  
5495.63901883  2552.94646084  2837.88971126  3288.17358808  3296.8728078  
14549.2407299  16512.0382486  16058.4161933  15801.5240973  14819.2970685  
1205.24364675  870.772622548  1016.47893484  989.493000756  1071.93844935  
4417.0003669  4446.67407086  3682.77875732  3767.44772583  4445.6299263  
3112.24133484  3116.76905491  3182.93826484  2973.82292498  3600.07719014  
4983.07924317  6048.84944024  6133.49629012  6028.66689832  5496.57686241  
2321.82719949  1883.45620525  1746.00909842  2059.0045073  2285.6663113  
8639.51385848  9191.74738715  8327.8047085  8677.17192166  9771.50397281  
3035.10084088  3114.33606402  2834.48479121  2984.38869976  2735.5722361  
7529.93591355  6508.25284022  6473.24148792  7060.45222409  6594.681968  
1626.36089967  1723.1593491  1362.48237393  1614.9226177  1572.30718582  
7596.68394807  6578.83609024  6642.14574865  7173.41820725  8283.85639912  
2660.20471775  3176.79023911  3425.34998532  5418.09628839  5702.39404977  
4856.62664869  4525.70287323  4728.45441205  5581.43596772  5543.37586069  
5373.3020353  5252.02592246  5409.01732986  4933.63745624  4689.36654732  
1058.75774888  1461.51082044  1443.86178952  1629.44171565  2011.25325113  
5611.30318561  3643.30039021  3846.33639769  3944.11738087  4493.77820587  
3663.07260066  4146.71546915  4067.96824513  3676.52758565  3542.95382708  
7683.15851287  7689.64024761  6802.37473008  7824.45329306  8237.33858383  
3955.29813922  4498.21426762  4479.0977199  4604.13162275  4542.22357099  
1848.45177095  1830.17843254  1559.22765861  1732.64324972  1803.3539979  
9316.13207804  7474.12884707  11442.581398  9256.26993792  8269.72895297  
4266.00751175  4292.24785107  3969.72109156  4031.84141283  4713.06045012  
4145.28877003  3964.246978  4345.93109877  3646.64479571  3610.87637949  
5101.65208704  4657.33744943  4960.38777337  5137.51683481  5043.73181325  
2767.34256668  2842.7810894  2576.08928798  2499.04920095  2682.82276454  
3468.58129391  3096.07611021  3469.95603339  3441.58836608  3631.50874233  
7283.43640022  7807.9489673  7659.47054819  8219.60113946  7125.5539583  
3952.95574556  7915.96617179  5520.29030931  5239.10053554  4084.40175501  
7381.29536431  8164.81506245  9952.01478627  7518.11632406  9976.80996523  
3161.12343905  3760.82685927  3214.51943606  3405.05816803  3682.52836783  
26297.5056218  29968.8773303  15441.9766777  38784.2612274  15632.7400348  
5160.57076226  6165.58170666  4806.59726588  6189.36198662  6243.42638656  
4090.58025381  3946.76975501  4263.76780231  4060.64723957  4052.10769855  
7936.07105739  9052.90171283  8410.58699584  9036.94214801  8639.20144109  
9735.10206678  7335.63669826  9869.29121319  8566.29914492  9671.61731836  
3990.1592043  3494.02622242  3464.01564096  3444.22593983  3399.37941468  
2728.91262442  3108.59351644  3529.83216693  2935.54016361  3062.42015183  
3135.87527317  3087.91252789  3760.89236414  3774.20635075  3684.05318741  
847.132187845  1403.08576077  1036.53616245  998.749484375  1596.70380134  
3688.02820646  3654.38206859  3345.45733921  3695.5732006  3402.99266642  
9632.2424346  10531.8752374  9100.45727094  9376.99133551  9337.76851879  
7162.68570463  5814.90559402  6806.21787113  6583.96417789  6443.73244281  
6969.24788702  6201.23371655  6683.1946024  7621.03209796  7615.42892909  
1853.26532031  2195.82757872  1822.64514736  1955.88477097  1909.55128047  
1871.70232467  2230.34083713  1544.85338128  1680.40397557  1304.30270625  
2824.9920867  2787.05098962  3245.82610772  2703.32127156  3217.15378655  
5112.36348887  4974.48204264  5201.04821898  5073.01928477  5098.01740495  
2562.4130796  2102.54306486  2379.94072347  2083.59492188  2398.33009326  
4567.58733003  5038.96637724  4852.18503582  4628.67291517  3577.31010894  
6263.53242394  6509.1963671  6735.09503399  6737.04670726  6449.1193176  
5301.47957684  5258.26887229  5381.32764055  5312.74575825  4707.30592405  
7183.70978651  8143.35654629  6955.07392021  7285.67111239  8738.2905281  
3932.65430783  3724.42136374  3015.15403223  3882.18004748  3231.70136366  
16961.1365664  16601.1802013  17201.4285489  17064.4655022  16809.0535278  
1202.85382634  1524.92124096  1217.63433041  1304.23558288  1377.17792095  
1921.4424499  1709.23825361  1880.50877359  2327.62605503  1728.54717654  
2574.24987523  2161.04115283  2258.87481777  2639.77577199  2792.47835967  
1626.08101014  1783.19306722  1888.62052374  1652.56507316  1605.25978307  
11964.4270708  10651.6127924  10540.6650281  12130.8706248  12055.2348403  
10206.2403076  10385.3148439  10747.1882716  10133.0747591  9976.26508504  
2241.10414362  2419.81634121  2394.49158439  2248.55004088  2255.4777044  
54663.0064664  50412.0923733  56932.0830826  58419.8070542  79083.3206809  
5171.46131391  4978.49231265  5079.61120214  5125.23186562  4579.56734086  
25733.8958913  19942.4637798  21824.1923597  22302.8217369  26054.257559  
2713.60869889  2678.65990389  1999.66988829  2330.47876124  2857.6455134  
5987.79799277  5250.15206415  6972.37174972  5310.76799262  5348.10892301  
3327.612192  3467.03570195  3225.72090787  3096.79861089  3392.629387  
3680.1911535  4213.81377943  4371.09062185  4168.97473545  4254.6518836  
6863.81656834  6810.59742349  6771.89321486  6018.1738694  6304.98313431  
1456.82019053  2063.55850188  1620.12861268  1636.51346108  2000.60453506  
4523.07937484  3828.69166432  4383.20525746  4453.69549659  4536.2165989  
11539.7668239  12042.2628975  12216.6608402  9514.78608019  11820.1776835  
34221.2399108  29576.1031846  34227.439354  31548.0605479  29202.0663605  
7818.22688383  6686.8878866  7685.59316748  7607.28480777  6629.91486166  
4944.94664361  4708.28751017  4950.31834489  5965.03622587  5522.3720181  
2143.5417135  1990.42089037  2356.0638625  2145.96650904  2384.27480957  
8567.25208594  8612.98572079  8875.47011507  10171.9333207  9031.74135343  
1947.06322164  1917.10848544  1969.60865797  1950.10659256  1653.58718014  
2671.14037763  2328.15813648  2713.99512436  1336.2395554  1997.58230562  
6519.59561733  6610.0632122  6683.89875767  6507.93673371  6556.63869158  
6115.11199715  7186.81202468  7893.27758437  6782.98814117  7574.163963  
3644.19234275  3574.33805932  3366.88379009  3565.7599698  3964.25740375  
5488.64463389  6512.98038722  6582.10276504  4806.75542197  7068.76636766  
2212.43969312  2280.92018458  2257.50662626  2280.74366474  1860.34552533  
6175.90997835  6030.51291136  6477.38774054  5549.23005563  5339.68660984  
2775.43600409  2556.76262694  2528.34330719  2536.58909995  2461.97463192  
5910.36324416  7317.63584991  8327.79188783  9399.0578513  8404.74867118  
1931.77020264  1986.99655782  1897.89852457  2013.96669397  1199.66925296  
1803.93897229  1766.28422376  1709.28342608  2623.58479916  2215.10914207  
3517.07378047  3583.1697577  3767.7572414  3718.98754355  3544.45789391  
3415.14886386  4789.07748293  4017.06632235  4697.49024295  4737.09705289  
3687.26193842  3667.58159402  3884.52627357  3987.76728813  3746.3862534  
1943.69336346  2093.83648632  1985.39116418  2393.93051752  2025.64650403  
2031.95824621  1801.11898301  1933.23940152  2198.15885037  2007.4929638  
2687.64949454  2719.81472492  3070.04856056  2615.67127886  2160.6932967  
4695.04527792  5751.33357334  5610.05468894  5798.41287933  6000.40078575  
4320.96749749  3716.24430728  3538.69523492  3612.32178439  3978.0383721  
2124.8569551  2750.36754386  2246.54903535  2021.90898407  2282.21225781  
3399.23517631  3952.98003535  4432.79757434  3422.15416714  3611.99305666  
14144.3297482  14109.8307095  14151.7884003  14486.1250718  14060.9572057  
4655.1068478  5092.52924911  5338.6087933  4955.66882049  5594.83072664  
5689.33052499  4908.15242442  5236.41168436  5241.66264003  6144.05264714  
1307.15121267  1413.34446652  1223.46425586  1218.49473202  1455.95217968  
9055.54196616  7724.05515137  8723.62473841  8738.54202308  8755.1679294  
1416.64661544  1084.84713605  1754.31469979  1171.9588651  1061.09419782  
3370.58579625  3336.38100017  4353.61987142  3112.91591194  4101.30505419  
3851.11758557  3372.85639811  3753.0477764  3992.62081556  3821.09210486  
2158.77485408  2101.19335169  2344.09362613  2318.65171957  2245.87005637  
1414.0444927  2024.00808667  1772.53342539  2112.27511704  2076.83764498  
5746.24305296  7225.37216359  5228.23690381  6277.29436032  5214.77793878  
12558.2408377  10581.440247  9872.52190562  10953.3091433  10747.5253147  
1460.16589215  1375.69719801  1222.92530795  1450.04257442  1178.68552955  
8471.91598023  7400.42785135  8945.61550507  7993.49253596  7995.67230271  
5232.92286326  6318.27200985  5112.7206817  5093.37011988  5213.16314222  
8202.86572584  7981.28172491  7577.72432821  5958.09410684  5541.87908577  
7147.30179372  5903.63396347  6879.42083497  6978.20425221  7005.14455173  
3305.1663199  3118.27419015  4312.17280131  3260.49386649  3750.8425779  
3167.28447895  2428.98187733  2715.85323026  3062.46157701  3233.20966932  
1702.78751719  1605.63557202  1564.94150012  1590.48300352  1768.25162479  
8312.21837389  9099.70611912  9309.89621187  7959.6850241  7489.58067245  
2180.97994613  2117.71538824  2074.71614836  2075.29418204  2160.47356444  
1648.23541415  2198.02794496  1968.59755667  1600.48262511  1570.24709958  
43088.1714742  44453.6644661  42921.8894133  46609.8646209  45061.2281133  
2238.99516284  2291.37872543  1793.35600223  2223.94447171  2257.58767966  
7146.0453705  7285.61610635  7321.16382175  7599.69244561  7384.32361054  
4968.53607024  4580.48869894  5470.88174705  5167.3266764  5880.56605663  
3648.80571875  3614.18429966  3641.08442928  3460.9042672  3950.89888059  
5769.69509389  6116.13683394  6130.94416511  6212.67443077  6103.94240914  
4531.92917017  5496.31904343  3048.43462195  2718.28455195  4106.64231323  
3377.79390772  5323.51006402  3581.45841001  4299.76792135  4339.18369809  
5178.34668124  4071.17387757  4735.49576098  3446.03984246  4918.49895141  
7533.88882905  7406.29670053  7803.75385752  6677.25363484  6523.55928671  
6445.58620058  6084.0155538  5667.94561945  6408.85554138  6127.39423571  
4246.61069692  4254.01586899  4362.51383029  4223.09102065  4534.76296925  
1239.76576732  1291.36939193  1283.94048292  1287.9168508  1155.36692545  
47392.9320854  40926.9795387  38218.0873504  36879.3179865  66859.3383791  
2550.75243917  2619.82333761  2598.26918271  2319.87386512  2489.54695659  
2278.29442885  1995.75976538  2097.60806563  2139.26125199  2093.62769736  
1872.7807786  2029.26540661  1636.2930413  2364.99276878  2181.11548627  
25554.9915904  20633.0862712  24676.3009207  19799.2319196  25056.4455747  
8106.99715507  10194.5611597  8073.92626227  9736.44873925  8766.37599398  
9842.24701799  11596.3558426  8487.7630013  11321.8878067  9184.4961981  
3234.19218622  3239.65528759  3110.4964407  2700.0201281  2632.03092051  
2809.47687394  3552.73920051  2429.92268606  3127.78681326  1564.29696615  
4186.78072869  4332.76149245  4059.72618533  3960.90079287  4187.73525581  
5137.89513417  4809.89578669  5029.72684657  4321.62109296  4360.69507377  
16174.311643  22187.2219508  12942.9157506  18527.6395997  13971.4133785  
3544.83225022  3213.9912043  3727.78427509  3317.82855044  3544.56766192  
8119.24099642  14072.7364328  9638.24904098  9607.27278375  9293.06087541  
7674.62328239  8215.36934022  7341.62792329  8099.21885923  7396.27929402  
2824.34539089  2380.09705778  2670.9376091  2847.7907148  2747.82742323  
2737.22573614  2580.14315494  2959.16191431  2474.01196667  2949.78774448  
2346.68187959  2866.77859597  2486.42548859  2314.20984993  2369.53216035  
4093.96116829  3297.75040699  4053.2733647  3503.23321735  3549.656706  
6094.47941283  3456.44193036  3520.12617242  4616.59936467  3811.61956199  
532.141315294  581.600666896  541.520287607  595.660752073  530.408488055  
3772.73353196  3891.78110313  1985.62486762  4990.61853174  2713.86549839  
13126.8187357  16250.5631887  13555.8323766  14292.9374435  10675.2767558  
6667.81071505  6610.19373179  6608.99127971  6580.67341403  6537.46496327  
7718.91516369  6148.90233305  6633.27075586  4856.29595576  6110.36664632  
9901.69037051  10691.5099817  10545.0714861  10681.6105799  10601.8889726  
24876.5270667  17160.2785913  13524.8759877  14989.2896939  17221.7654702  
1698.10637077  1973.72158199  1842.83785541  1800.37179475  1763.31076252  
19803.8749354  21164.218105  20985.0104138  18644.9056921  20784.3455727  
1871.62409467  2728.56314323  2947.47117686  2089.86576401  2380.14651188  
809.954842555  977.308897961  984.60619849  957.409749891  984.037195882  
1929.89356865  1942.01111364  2445.15269748  1976.74873718  1923.79087233  
9687.35848416  9072.15678157  8311.37002856  7387.09630865  9324.73523865  
1684.3223921  1565.49855261  1717.93734293  1539.90249255  1710.47516324  
9212.17818314  8786.75388477  9195.24870064  7420.01997473  8058.03699675  
20574.3521076  24999.5185542  21686.7317997  21509.4358105  24693.300793  
2302.23898057  2595.2973458  2589.74340159  2493.12628219  2594.3620477  
1929.39086865  2133.72052075  2015.17280752  1874.24636128  2074.0076328  
16602.1114816  17608.8739544  17611.9181079  17283.7253489  15339.9850895  
8971.37606926  6301.62293345  8691.56396721  8975.8553554  6470.17361119  
1416.40721571  1780.93170132  1554.23192395  1747.702225  1569.67279503  
2510.38994956  2246.1004754  2654.0934952  2432.60430142  2482.78872767  
1006.94309673  1006.48743748  1237.18038741  869.720369433  991.67435319  
9258.24216732  11010.459111  11498.7611211  10346.6787786  11023.392246  
14048.1933578  21558.9516886  19435.5382602  12241.4830807  18985.9840508  
1601.26664211  1813.5701714  1377.58701351  1391.28691199  1510.01829158  
3016.16153531  4148.55147644  4143.84063641  3440.87034187  3981.83849568  
4418.3806578  3884.56864877  4324.75374578  4507.58916453  5098.72690625  
11167.561392  12425.9490793  10389.3884705  15203.1957984  11058.8866944  
5560.77860693  5847.75509989  3997.30806078  4927.12183802  4856.6971163  
3242.21796293  3055.37994665  2999.02648951  2779.07399168  3286.1428638  
1965.11130565  2001.34705064  2225.01713137  1931.39051104  2221.92325612  
4934.21225486  4348.61221622  4582.46795016  4275.87697276  4687.29467301  
5834.28683435  5866.29554776  5660.7568478  5987.72907891  4893.43575751  
4637.59421218  4142.712036  4288.02540973  4356.6310618  4359.98688823  
2151.38690286  1943.07212671  2293.34766486  2046.44372755  1932.61351969  
11842.1006821  9594.38072125  9203.49618157  12186.7435204  10539.0999378  
3500.95327076  4959.12078098  4441.15618315  4038.14631101  6721.73273875  
12037.0219155  10455.3095015  12015.8564014  10799.6791662  11054.4670923  
2874.61457982  3098.69252826  3410.5589707  3192.9993075  2784.87771768  
4974.71501931  4883.68491394  4672.91701446  4926.14959326  4145.11357913  
11006.1650619  15831.5574631  12296.2431859  13145.0993046  13184.0549461  
2967.40285739  3807.95564507  4309.63823323  4392.76534567  3085.35376657  
11259.822619  16624.5388801  12653.9109583  10528.9049362  14920.6929337  
13290.0330871  13327.3053333  13403.3357626  11386.1305571  11385.6463875  
14828.7135011  14291.1943769  13356.1967018  14574.0105893  12870.3842257  
2851.05586252  2836.48415496  2746.83462145  1793.84442855  2337.22171594  
9861.30777936  11298.064617  9373.99246851  10202.9199929  9174.62128543  
8366.63547549  8399.80960652  8446.63045039  8344.5912224  8147.50357473  
9754.78098275  7207.95567597  10131.1028985  7619.40267945  9670.23240836  
7300.73273635  3956.76142287  4079.51329909  7432.35076081  4811.19142981  
3357.51396932  3301.77962398  3334.25957849  3320.07983811  3219.26687647  
9409.81106616  9039.3152223  8718.91808848  8622.43318019  8954.66479019  
2817.102381  2847.86601526  2482.09013685  2796.28492123  2816.99580444  
3933.75794719  4674.23644091  4416.80671303  4201.92961704  5728.8514235  
4265.42128466  3838.97591163  4356.79721696  3790.37642407  4372.70672227  
7979.69682718  6494.89956394  8047.11625096  7999.71471591  8153.74345656  
6445.26741678  7437.70623227  7226.92545474  7203.17231672  7346.89151554  
3276.76343771  2268.16441593  1985.08965685  2285.30948282  2326.93346753  
10843.7427797  13951.8955187  11916.9997089  10609.2325606  10237.9776102  
1248.86358685  1406.22116261  1488.70207678  1127.19599832  1523.55722885  
8595.50017477  8852.58846445  6772.38614599  7970.63676781  13637.6410131  
10237.4206177  8566.00224812  9158.57651902  8557.36178925  10306.2677033  
6401.82416764  5735.86325538  4250.34350654  6313.05181162  5194.1528486  
26684.0551283  70921.5519637  76252.4691773  71539.0363607  31309.6373738  
26106.9770159  22056.8549586  20572.8488609  26127.1004347  23094.4155249  
7315.311534  8321.99705712  8223.29149194  8577.88867779  8410.41843882  
4073.54299221  4072.45810276  3875.31267394  4104.47044706  4077.33068865  
9786.50844915  9767.52555484  9827.06388689  9758.28177247  8886.43713235  
22678.8570168  22332.5675265  30544.0060799  29646.7417857  32120.8517343  
8771.54842744  8790.38042505  8967.47308874  8999.75401345  9095.31825892  
7067.39041482  7326.32103412  6475.63217871  10172.3907195  11179.9075128  
2932.9926041  3127.74914898  2605.64137852  3751.64345274  2882.47115722  
6516.53559509  5641.33954855  5605.89233005  7216.34133547  7144.34381084  
3401.5574881  2862.58037695  2969.51163646  2724.98834745  3103.2432072  
6612.19729377  6494.75537057  6319.84026176  7275.51259363  7293.04018555  
1030.02870001  919.049564716  930.034755092  914.1634199  926.182480257  
4046.011009  2584.22918726  6800.33069751  4280.31759905  6480.7821652  
1865.72139588  2799.21668871  1761.11251691  2321.5796102  2245.47237186  
4187.44009231  3434.23761674  4081.22529117  3698.74019294  4095.25851384  
2763.98488913  3047.05200907  3147.78106738  3334.16639917  2912.13433527  
2226.37185076  2847.0560795  2463.77443839  2505.21829418  2439.39221308  
5626.15803448  5445.15867212  5619.96962753  5445.79605232  4902.10138397  
13054.8810914  16576.2867145  15322.6645097  18021.1464022  10960.9205145  
3517.16025822  4124.25810583  4108.42047976  3749.69711132  4154.64770388  
6069.0234954  12403.7558245  7378.02103234  7526.84741463  4387.67314651  
6424.77871034  6794.97360642  6316.1373853  7467.41605465  6755.60190991  
6332.26417511  5682.91268541  5772.2699794  5904.08273317  8312.24748683  
9590.59318219  11134.0544446  13481.9634431  14945.3409375  11813.3849371  
52889.6066733  46218.1771581  80374.1405771  46606.3906305  76144.6983105  
6448.62984688  6382.56791792  6516.79877791  7252.58903957  7458.43994197  
8465.49193788  5951.04252872  7248.94240125  6804.0549797  6810.86504425  
3178.85001441  3179.21063698  3255.56232196  3340.37617049  3153.36307943  
2686.19339764  2940.03031784  2429.72084602  3028.37421628  2583.88280948  
7674.30392833  14269.6250489  17477.3252799  10617.3349491  16503.870408  
11929.83529  14272.9621166  14762.3928281  17268.4669484  14122.6789984  
6432.86212077  6152.9251351  6522.58646958  5707.00565662  6475.81070875  
2403.17247375  2433.25064156  1878.50996754  2266.5351972  2459.16939497  
3368.99400112  3439.61858328  3605.23170263  3412.08710751  2918.89666449  
11720.2776087  10428.819357  10435.9587254  12367.133567  10670.5809057  
8276.75508792  13164.9640699  10792.6627691  9151.53371088  7578.17043448  
3980.51176201  3986.59323988  3957.65314026  3676.70942145  3557.81549887  
4275.77652004  4809.80386178  3665.53591712  5162.93254779  2436.28910912  
5591.08566875  5898.69377049  7477.98429251  6234.659373  6964.24130401  
5494.57911873  8802.2368462  5660.31724006  5435.70028284  7848.0918975  
5967.86794159  5499.52542972  5886.8351395  5750.1022996  5991.72203167  
8232.98076726  8926.52758245  8804.27604137  8797.08875267  8271.59550693  
9183.18649583  9245.09592077  9573.09189541  10467.2199245  10415.1183279  
4314.32923417  4560.494973  2669.72331773  4077.4141661  4345.91149165  
4365.07234393  4109.68733603  4481.4090824  4468.1546013  3158.57443307  
8688.43390898  7494.09762599  12951.1975309  10683.2515048  12881.4740969  
6652.96712844  5313.72025637  5783.86530393  6513.45346102  6599.4007492  
1819.03024406  1853.21231172  1928.65416097  1960.03675241  1995.48226697  
2631.69608596  2673.93294567  2313.68155112  2198.07384834  2611.1493224  
1139.83334502  1197.69826459  1036.22973389  1090.46811022  1025.27974497  
6491.63032846  6350.23708101  6296.22994037  6323.52111881  6356.46137725  
951.580234446  1064.6570024  895.54954218  849.978039123  849.598312772  
3697.39671443  3543.72730409  2873.76452221  3534.42701093  3195.95557159  
2138.67656297  2015.02733984  1870.17455023  2162.95708244  1964.03253222  
13460.4559829  10428.7982224  8484.46308546  12122.5070256  13063.080676  
5117.01241497  6708.6805566  5619.70321603  7074.41376906  5806.97053597  
16894.3421085  20282.8865948  14806.5353301  18774.2660852  18982.5880489  
2003.61104264  2048.80644699  2355.70741227  2414.55955872  1849.35221986  
1636.6523384  1614.66219611  1659.30988294  1707.1644713  1681.99730122  
1811.87333185  2006.65230453  1742.06742035  1818.85840517  2037.5336848  
5480.07434429  5606.6295402  5043.05229958  4875.10152698  5337.49960243  
5953.13374896  8600.08526868  5394.96133451  5754.16619888  8236.88211559  
7561.79586863  7915.27837272  7001.93875381  8068.89227719  7820.03839413  
6675.78668139  7756.64916406  7679.49977756  7885.98639848  7030.49901894  
5268.15903939  6179.18112886  6545.79097446  6496.17319199  4568.71771334  
5176.31910124  5317.37729318  4205.58281108  4582.32395493  4795.19895497  
5505.4593941  4779.66324697  5475.83520143  4927.25626483  4801.43323146  
2732.11233571  2579.61598242  2502.08808488  2673.91176419  2672.91111834  
2861.32224919  2608.72367759  2757.06790663  2570.24081026  3459.48365952  
3621.75048461  3661.57742998  3825.3331744  3857.73628638  3630.82964314  
3141.92249665  3403.85856359  4636.13785529  5061.22954048  4441.91198054  
17874.1148359  18195.0248185  13106.1692766  16704.6439562  16104.6420503  
4199.39161651  4230.50801129  4175.01542158  3891.91995664  4217.24661294  
15599.2673747  15427.383917  14747.6370055  14333.6493556  11364.2900943  
22621.7650372  25009.4757398  21492.0631937  25615.5887563  26061.2346844  
2071.88351275  2317.38233816  2528.32870946  2592.64719003  1988.57200757  
6501.18691913  6538.14177414  6509.3014264  6450.33992772  6521.20570772  
5102.34825462  4935.29273012  5255.08323088  5596.15581769  5413.3035361  
6484.90231793  6548.44186488  7378.74165279  6273.20960458  6566.17968206  
4621.07623711  5857.03220755  6020.31602056  7773.45404757  5995.18976877  
3027.58752515  3542.91098868  3446.20799764  3444.05101584  3026.74542345  
6856.47421034  6487.08978565  6798.83893799  7542.00925772  5600.11867269  
8218.80703922  8167.46168188  8497.79512955  8311.36683556  8284.61704996  
4670.91562741  3891.12410674  4242.95751224  4310.77126373  4521.74995863  
4654.97026607  4377.15314824  4177.57251987  4162.15830514  5300.36449396  
2719.75060165  2829.25980894  2744.23000644  4111.06601522  3547.35010974  
1358.94029656  1069.05306656  1474.19969598  1845.19109105  957.509917609  
1498.70020066  2274.43248453  2081.13403495  2069.80563197  2168.46952072  
10916.2530952  10469.4351284  10704.898892  12996.3123506  13272.810065  
7729.26443407  7238.21136313  7338.09524287  7256.80713153  7345.73867956  
7673.79114144  7482.46823993  7689.87908947  6480.5552602  7557.63771609  
3804.6932555  3372.95594015  4079.68137791  4050.1983099  3671.08863922  
11445.8152589  12436.8408063  12090.4813389  11506.0331529  12667.329174  
10259.0997808  10285.4951064  9377.91989808  10220.4319346  10435.547263  
3269.36343333  3918.21289937  3802.35800175  3951.78355368  3773.0602434  
2679.76854256  5369.4392034  5008.61362709  5103.59997835  3912.6034354  
4126.82705986  4121.86253592  4165.90082194  3455.96443324  3963.50751832  
4788.15901481  4695.50924226  4546.93944758  5095.38352118  4828.1563823  
4890.13097591  4978.73653056  6365.64522164  4856.18042892  5168.03537887  
3122.28296589  3574.07049631  3603.07107287  3714.40606964  3622.75407727  
6577.73551752  6551.13856805  5781.16105265  6595.89402319  6527.20140759  
1059.00487621  1152.89934788  1050.14973024  1084.47292676  1734.58836567  
2697.95545406  2687.20859013  2366.55689707  2459.2514279  2760.04360846  
6783.55629448  6436.96384359  5502.35217147  6786.79936163  6851.73677874  
10612.1495443  14295.4316444  9488.36712611  12531.8033968  7796.07959001  
16197.8669821  17167.5874887  17279.3475547  17843.8798019  19936.0976197  
7833.57299782  9080.12738438  8735.43338906  5925.83327026  5618.0838488  
21708.0696994  24613.7110822  21157.3938533  23885.241873  23904.0998069  
6726.47568617  7514.50688786  4935.27564608  6195.10596559  7279.24273554  
1720.52075153  2381.44151508  1882.19320302  1616.09742047  1672.18622668  
2791.82961699  3011.9147006  2771.53578637  2658.37883274  2930.05192372  
4718.1001014  7127.44906762  7024.14826349  5801.10523365  7100.51817663  
1601.80724522  1979.40686455  1915.01461592  1483.25023762  1997.41788337  
3643.46619048  3090.69102828  3185.77482498  3173.61119527  3026.50604952  
8077.09670409  7997.43466685  8149.4962167  7761.352964  7883.37147137  
2037.7987125  2216.56566952  2144.87801684  2211.03780396  2270.36031274  
5602.61857956  4879.18930964  5722.4267235  5723.67749862  5321.55753512  
1713.29643263  1603.56775272  1997.02173611  1480.4792671  2005.6753232  
9701.92039916  12596.4582653  12611.6807254  13047.5021361  11754.3211924  
4761.08494793  5454.69279304  4730.44408153  5347.39290807  5488.7049459  
3430.7838152  3873.45060281  3815.85669164  3857.04678185  3445.39977847  
2268.48346566  2582.6183544  2860.17281225  2530.8163188  2786.71164651  
47997.4282094  45574.8595762  45035.8479918  30465.3275955  30031.3257312  
5497.00579249  4564.88378621  5307.26785414  4634.7438478  4386.9194755  
5320.66302044  4803.78628436  5020.18673791  5193.470474  4627.96302418  
1432.58695268  1376.50995687  1619.40858535  1660.96326549  1366.46347978  
2948.04261492  3499.09765463  2347.89037964  3077.80074239  2686.62234717  
1939.82737342  1986.3086139  2103.05493948  1993.78535111  1852.60085374  
1917.25199828  1772.59084424  1863.20550347  2071.21274379  2004.61878402  
3615.42424406  4447.73306709  3850.91757335  3923.0832196  4554.0428966  
1957.11353269  2153.06836695  2217.60077098  1781.21600093  2241.88060413  
8041.46085239  9043.8274527  9669.76227705  7626.67987776  7649.84113636  
2499.35873657  2833.84015955  2703.55240235  2689.29062111  2636.38805453  
5279.98656491  3551.95357398  5244.94190041  5272.48908693  5297.32687541  
3068.60974825  3122.45543013  3134.10407386  2724.16045536  3093.05914563  
9052.1401791  11410.0940432  23425.3462185  11308.372767  23134.9387679  
4563.46102257  6767.38090269  6642.33187374  5261.19878329  5581.85996326  
2743.79025332  2544.69689308  2749.37113685  2934.51935552  2596.84466137  
1829.35208303  1820.87039227  1607.88589508  1814.6374747  1573.11974111  
3630.16009971  3619.7877023  3538.37574087  3556.51570188  3547.58876969  
12482.4809671  14788.805513  8995.02929033  15020.0469587  9044.70913993  
4951.21224811  5005.52237212  4962.66946288  4715.0874886  5001.85888534  
4322.59990245  3867.58965035  3761.13722652  4262.32065665  3703.7375955  
5163.3512892  5627.71545377  5440.67894973  5280.07781171  5439.96608749  
7049.6011851  7686.18855383  6417.99897059  7481.47098693  8968.15927437  
2838.45373421  3063.84632572  3099.00786786  2787.82588329  2999.77934137  
2609.59950396  1962.89864362  1743.9362147  2025.29678216  2966.70665692  
10448.5382708  13336.960416  8880.25499289  12693.1572242  10415.5595234  
1836.73024207  1565.5884726  1802.55299408  1846.48786638  1812.85011675  
3360.28551601  2795.06583698  3768.18541758  3281.37108124  4055.35785634  
2749.80721392  2349.27570621  2081.89668911  2399.30165461  3549.10438379  
69854.9504808  69089.9964949  49517.5797343  57283.5527297  68739.570273  
2202.2540149  1924.52220236  2087.09403748  2007.69474039  1860.78551211  
4982.97014703  5338.07358952  6308.56222171  5826.8167087  5816.34217145  
3070.34849443  3263.49406973  3476.12300943  3557.21482806  3030.74400791  
8172.81102006  9425.25348986  9419.72271843  8207.77198019  9203.65040222  
3701.65336039  3857.36023599  3645.93580386  4451.65192142  4627.20758974  
2369.05191772  2786.43674453  2642.50827677  2781.85090432  2559.28961199  
1624.24736207  1385.08127488  1307.67683433  1561.08459255  1543.79480753  
2976.77892542  2996.98602225  3576.58986713  2944.10681357  3070.41589666  
2771.90330631  2955.00919554  3338.13518089  2916.64082095  3330.96692392  
1191.01693356  1474.89430201  1408.96003857  1031.80783403  1156.41231983  
1510.55941384  2028.34515811  1556.5885351  2130.52627762  1890.69517353  
4906.58741101  4223.4019927  4810.77773935  5267.36471454  4447.32097961  
11752.7600011  7214.55089789  11831.8837102  11505.1381068  11837.9564971  
12659.2791159  12932.8427685  12588.2331294  12777.323982  11673.5669071  
11445.170838  11852.7077984  11646.8557408  11191.2281551  11893.5316325  
8696.97530252  9489.45379985  9200.49750326  8844.03243734  6768.9158381  
1570.64944128  1652.95899204  1453.89452008  1450.279064  1667.82897528  
4335.68202319  4327.74272049  3695.6479359  3916.07279551  3507.78847959  
5923.99802582  6287.79377399  6919.81018652  6105.28343914  5815.21315784  
9316.02900689  7807.61137572  9254.12032756  10315.4574565  8589.37083667  
1960.17038296  1942.94850454  2388.99212883  2372.46534818  2545.90269275  
2766.4255343  3029.71459672  2880.57700095  3031.20434089  2994.17017169  
7053.88224924  7133.01517214  6298.25219098  6368.13579426  4750.06364433  
2357.34948205  2100.88053703  2336.70154394  2345.89908016  2339.56518702  
4836.9156986  4886.19342126  5238.61280621  4782.86634057  4903.3328862  
3835.04097365  4213.44484534  4591.98366276  3759.70615485  4442.04504708  
2777.3152723  2752.03388208  2690.14066099  3091.71241804  2712.20746321  
10234.0669799  8795.77288691  8682.5154516  10027.0301054  9055.37008545  
5624.62832444  5434.88071438  5619.6691363  5465.91746424  5153.85458131  
5698.85450814  6087.92625383  5069.62839494  6455.66959549  5426.30782247  
6210.39790002  6045.50304315  5913.89586702  6662.53291432  6047.91594978  
9069.32044421  8963.65508109  10407.4758277  10144.8870507  10142.9314372  
5957.96163113  4096.78556933  3367.81548441  5591.23123153  4647.23968112  
5936.10958032  5698.59706699  5290.14055614  6351.55816362  5891.18147325  
3571.74576232  3326.97142513  3570.35641975  3369.06339324  2228.76620401  
9655.58968761  9886.87945723  13415.5773251  10753.9024689  10720.6000561  
14028.6312476  13858.9839721  14353.9963508  15809.9961844  13878.6450954  
7321.30842828  5838.02111398  7280.38442209  5459.03133857  7307.43972106  
2702.12175366  3056.99936648  3036.30940839  3009.12297248  2724.40556916  
11084.4109683  8680.1927954  11526.7710955  6855.53635914  6743.53656297  
2137.53686001  2127.38101897  2195.35126703  1778.90764601  1886.96630445  
14631.4524985  14263.1335733  15948.8929907  13301.1332198  15916.1779703  
2556.06560202  2253.38109393  2206.9626101  2310.09446564  2347.28781409  
1721.40159254  2580.61952182  1873.64846968  2539.60929887  2535.62497293  
7226.63013287  6587.8605209  8584.85389904  8010.69616679  6854.37731964  
5013.77970714  5207.46316313  5085.91977563  5293.11290175  4666.31280925  
4354.75395324  4270.85672434  4311.98526531  3947.37315775  4895.49961822  
11548.8260684  13234.9504746  18269.886416  17037.5546768  13364.8889998  
8526.53049719  9529.66152753  10224.1089349  8292.68027013  11096.23731  
3333.43178723  3209.43303483  2974.39286605  3313.45621731  2551.77249073  
2068.84998166  1311.27507612  1752.76073038  1389.48846152  1337.92851356  
4835.13815124  4702.44223048  4856.01162911  4261.67248933  4214.15538116  
1576.2932147  1918.36055643  1344.32577793  1428.56433967  1677.51781734  
6212.73612377  6126.42051662  6002.67793344  5161.53500569  5994.90474237  
9671.96423341  13145.9485748  12426.7701942  7381.49334874  13904.5393308  
4741.8355538  4216.89454223  3560.88726206  4832.43641338  4690.84630617  
8943.21264462  9074.69265218  7400.99003391  9070.95571563  9000.80600497  
8226.05926885  7861.04872822  6331.13496389  5876.13949969  6453.62857646  
15397.854118  17609.0264476  14909.5939559  15236.9786194  15259.5779729  
4168.17480137  4277.80724985  4315.45787666  4655.91098286  4494.58687067  
5215.30810883  4330.9361337  4741.21309013  5445.61621899  5164.44325407  
13205.8760778  12865.8114993  13699.7572091  12898.8288643  11901.3368892  
5762.05585045  5489.62514981  6153.30345206  4764.31075509  6135.5682087  
3964.37850665  3481.7552866  3975.65154829  4164.638785  3328.79009346  
3747.00067019  3439.76914967  3890.2878046  3197.19818195  3613.10477805  
5382.67938587  4045.28143399  5449.8656531  4915.03085555  5497.45438148  
10090.5305162  8324.13460538  8126.40317642  9955.76262003  10516.0992023  
2582.46172366  1975.75900797  2118.08107399  2770.67086667  2534.85195028  
7262.74879836  3594.66918776  6592.92390522  7276.43540071  5030.95313222  
7120.58858073  7068.63113097  8051.04710622  7230.70591673  8021.25416325  
9747.96584813  14000.685059  9991.77597046  9625.67221531  11799.277842  
7200.81867758  5233.49175224  7251.37903816  5845.07433564  7194.91772654  
2744.77015577  2817.15721637  2134.62788513  2717.47865868  2782.483606  
4372.46829592  2172.94819264  1952.73326046  1891.47414588  2295.55983924  
26950.4462934  29108.8688394  25822.4515334  26046.3061509  22866.2109115  
3131.04340104  3154.10546025  3235.7175649  3744.21708708  3193.26207804  
1462.9799184  1625.0964287  2317.18078711  2091.94589113  1609.6819187  
2060.82788378  2345.39712607  2132.96975362  2295.74926685  2205.3990453  
4975.95770065  4863.90336039  5469.34341943  5027.58795701  4081.28967876  
12093.3121762  10750.0452093  10677.7169574  12340.0826601  12162.3095978  
2029.86271085  2192.40610712  2170.03087691  2087.93181784  2220.2513105  
6998.76048872  7562.84721677  5185.77575323  4830.01523553  5030.17244269  
2630.60918466  2395.41585665  2732.04110963  2299.43686148  2733.52335274  
6304.30430294  4791.67277476  6193.5153962  6042.77454639  6257.09977875  
536.888886955  641.61810641  1045.02097936  684.79159624  641.683473207  
2866.15635443  4384.93677046  2993.45654598  3277.57733797  3474.07757982  
2908.21280456  3209.44938676  2541.14234276  2611.43868176  3298.68256593  
2310.73677518  2408.60541026  2050.68642942  2044.1824001  2102.67298013  
5850.52276276  5390.53213835  5257.77525922  5254.67846722  5814.14599899  
2552.21175449  3461.77274006  3727.86304777  3354.89766587  4006.52034349  
24219.6073699  30457.3182185  30982.3396239  25170.5564324  30357.2632924  
12757.5030438  11264.5299933  11826.0087188  12787.2744219  12151.7891024  
4116.87051419  3906.76201955  3582.90655321  3597.05612707  3771.09480344  
2721.89513358  2421.0084803  2457.48753359  2574.29028934  2741.084431  
5229.22035819  4515.21550197  4658.9743563  5087.65529645  5212.29477212  
6406.4991692  4948.18524068  5179.29089913  6616.48113543  5446.06232488  
23777.4890669  24080.4884567  24457.9204401  26013.8637395  22147.5173755  
3383.97648239  3163.5746897  3253.3584804  2952.00347905  3012.16937433  
9882.56977427  9632.2786604  10086.5249942  9288.71579025  8747.62173575  
9998.97295296  5642.73562764  6898.68913111  9150.03123542  2317.20012326  
2747.58766739  2910.42323464  2766.18319633  2993.70938255  3145.64757149  
4746.95367595  3901.00536449  4772.33453283  4651.60794955  4005.03740805  
1462.35503793  1441.98976328  1301.75112592  1805.36721011  1780.1993287  
6612.98099008  6321.80142059  7299.82289173  6807.35961068  7244.1152035  
7769.33260083  6449.92770338  6775.01729439  7764.46840382  7925.14392796  
1537.13956435  2334.91647654  1753.76519163  2368.48579479  2500.64306854  
3816.85078052  4060.0682122  3678.72047626  4766.52851388  5167.42301609  
3521.54388993  4720.62521823  3847.39334474  4877.93463425  4114.56672183  
12741.2792834  16675.7599649  22446.5839435  22363.6547808  13640.4375614  
3873.32548422  3890.33450152  3879.8965143  3746.34496333  3308.95457908  
2305.68339286  1805.03407713  2064.05727171  1882.38423161  1914.41794212  
15972.3338684  15478.9139978  16780.6030549  16777.4720484  11689.7437234  
792.909663531  686.796795238  863.571124706  749.622984878  923.102813669  
4863.87287403  4345.85337367  4953.92440522  4856.95526189  4731.9950298  
7827.15071593  8281.73618032  8718.93287732  8159.7819162  11099.208872  
1676.26980262  1909.49620079  1789.22680103  1634.73765317  1973.60414015  
5322.62070283  6510.12223574  6241.34020589  5762.34581431  5502.17557278  
4181.1867963  3760.28268753  4165.41764081  4278.57913541  4206.81802964  
6266.53204523  6464.86309103  6938.05779574  7021.7121173  6497.68456475  
2268.05499879  2183.50358159  2064.51968187  2229.58246866  1997.86528407  
4636.14362149  4739.29359865  4628.8839249  5106.26076675  5072.5123031  
64316.1159612  60740.8346134  71502.9634942  72190.222504  65341.3110556  
2900.27938658  2830.1839776  2578.6912892  3033.42915962  2703.83786278  
6293.93962014  5805.8848119  7132.969344  7177.31130124  6907.95845523  
8826.05603191  8492.7199756  7700.28866356  7389.56963702  8034.39258702  
38931.8339304  56330.9838321  36179.2839301  47723.4403504  33211.9369803  
51878.820482  63802.9942198  58499.4063026  40691.1822945  52633.5001828  
4207.09191576  3881.58678071  4767.91335899  4817.26241664  4399.49726228  
2085.92631491  2002.78932843  2233.51786927  2257.35353594  2376.14544276  
1483.31008878  1261.08658086  1496.16264708  1359.77416613  1314.16947078  
1631.26934487  1364.94146662  1320.12136397  1584.38849669  1645.55310687  
3294.3657704  4546.41904752  4500.01127681  4523.81823754  4521.06534411  
2598.75390566  3738.88085341  2522.78420755  2689.34798996  2886.54459247  
2859.24319927  3232.58697941  3220.89628677  3250.29810497  3169.5798519  
5130.66311389  3886.08706072  4550.00273583  5325.3222413  3631.70202089  
4404.65324703  4198.12610473  4488.84261697  5275.72332086  5081.75761201  
13121.0923624  22611.3367165  16918.6748557  21415.4467649  21254.5294208  
6562.17625658  9253.30018636  8830.12000097  8845.26374304  8589.22718059  
3940.13289807  3446.42100748  3843.80034029  3577.68298013  3466.34007239  
17333.3154708  14919.4290186  14693.2677793  17509.6723187  21653.6093341  
6940.85604746  6741.06989201  7553.86715976  6363.08296235  7498.89997283  
7468.13865473  5780.8147128  7857.64133159  12735.7233079  10397.7599992  
4479.70089523  4355.3202836  4419.31772767  3856.7315639  4460.50567542  
3539.97130112  3455.26568367  3534.97502915  3339.56717232  2980.89728417  
1398.05825638  1385.08303881  1026.37890531  1356.47264105  1431.63945444  
20633.6233616  19182.2836536  24123.724557  18996.9314203  19681.0636976  
5033.01762677  6579.30797366  5228.53489982  6886.48170748  6986.80042034  
3949.85999657  3688.63919084  3988.03198789  3978.62506649  3548.39345017  
2868.22784024  3529.55782998  3344.65816708  3484.79077763  3489.6827409  
3901.46176538  3863.33891491  3480.31161386  3190.54209197  3125.7266134  
9182.50110902  10616.0950492  8613.26333111  10447.5728031  8943.50861389  
1663.54534226  1690.29414427  1700.43075746  1874.32105366  1702.7941961  
2151.02605018  2258.45048118  2750.6171002  2623.77533684  2476.01392022  
3625.82081899  3688.09127195  4449.32834593  3686.55006684  4235.24058776  
4639.46977617  4720.0043887  4196.7392448  3253.70533347  4810.23326167  
7081.59879278  6154.32380447  6495.57304627  7602.40619848  7186.53508424  
3527.31826118  3283.32611676  3501.40596884  3360.49028623  4137.93996283  
1962.46472165  2761.16947563  2055.10738448  2792.73885508  2705.4426395  
4017.91039033  4066.94213152  3491.78045565  4097.48854763  3803.97722372  
8223.95994338  8597.47722228  8425.64583865  7981.82923689  7310.98121012  
9975.75047853  9563.70265396  9689.1907843  8993.69956495  6569.34563291  
13323.6359432  13275.8988585  13437.092607  13368.1915436  13335.9553752  
1149.15549516  1861.70383906  1283.21909204  1130.30784534  1982.78622904  
2906.23648401  2764.14956024  2926.90012911  2750.02496281  2943.49191528  
3965.56460777  3322.69651978  3882.17024659  3470.85235698  5792.60719095  
1253.5362127  1510.85189042  1373.15856792  1500.94012587  1499.96140177  
6633.66899434  8379.69280357  9092.82835681  8990.16739441  8952.20907077  
1844.67043393  2000.72973702  1954.26518433  1879.09308087  1970.02217011  
9411.88912962  6658.58297909  6388.30616164  8844.31211636  7434.72144451  
1577.22765226  2339.11909079  2421.03330199  2210.81443691  1943.26272405  
4509.77106865  4829.97340874  5225.37874216  4950.77905936  4575.11653129  
